
-------------------------------------------
+-------------------+--------+----------+
|               guid|bannerId|       Day|
+-------------------+--------+----------+
|4037064692883629592|  567863|2022-05-27|
|6637051951952623306|  588305|2022-05-27|
|4127358934247162882|  545668|2022-05-27|
|1993363151984231102|  545668|2022-05-27|
|4866849181907140509|  530884|2022-05-27|
|3787961552884251376|  567867|2022-05-27|
|6645615891625986674|  571081|2022-05-27|
|3162080551963259090|  588722|2022-05-27|
|4497645861952527582|  545668|2022-05-27|
|3637064701907968302|  588192|2022-05-27|
|4737064701953398253|  588311|2022-05-27|
|5999795758985284764|  588656|2022-05-27|
|1737064701741109743|  545668|2022-05-27|
|8954260091963353092|  530884|2022-05-27|
|1941196085712443703|  588383|2022-05-27|
|2247076060245971587|  589001|2022-05-27|
|6336400134254078988|  588503|2022-05-27|
|3439561731906378858|  567863|2022-05-27|
|8954260091963353092|  567864|2022-05-27|
|8469050434245707954|  587538|2022-05-27|
+-------------------+--------+----------+


+--------+-----------+
|bannerId|count(guid)|
+--------+-----------+
|588661  |25977      |
|588062  |31493      |
|588859  |6475       |
|526808  |8          |
|554773  |4          |
|587914  |33102      |
|588858  |149        |
|588488  |3          |
|588860  |1931       |
|588305  |9          |
|588713  |68         |
|335597  |67         |
|588063  |412        |
|588192  |76         |
|335605  |364        |
|544409  |560        |
|588125  |155        |
|588487  |17757      |
|587844  |21         |
+--------+-----------+
